p0      0.7      3.2    0
p1      0.5      3.0    1
p2      0.4      2.7    0
p3      0.5      2.7    1
p4      0.8      3.4    1
p5      0.5      3.7    0
p6      0.9      2.6    1
p7      0.5      3.6    0
p8      0.4      2.0    1
p9      0.4      3.6    0
p10      0.5      1.6    0
p11      0.8      2.6    0
p12      0.6      1.6    0
p13      0.7      1.2    0
p14      0.8      2.4    1
p15      0.8      3.5    1
p16      0.5      3.8    1
p17      0.9      2.2    0
p18      0.5      1.8    1
p19      0.7      3.8    0
p20      0.6      2.1    1
p21      0.6      1.3    1
p22      0.8      1.1    0
p23      0.5      1.4    1
p24      0.6      1.3    0
p25      0.5      1.6    1
p26      0.6      3.4    0
p27      0.6      2.3    0
p28      0.8      2.1    0
p29      0.9      2.5    1
p30      0.6      3.5    1
p31      0.7      3.5    0
p32      0.4      1.6    0
p33      0.9      3.8    0
p34      0.8      1.2    0
p35      0.5      1.3    0
p36      0.7      3.2    0
p37      0.7      1.7    0
p38      0.6      3.0    0
p39      0.7      2.8    1
p40      0.5      3.9    0
p41      0.8      2.1    1
p42      0.9      2.2    1
p43      0.9      2.2    0
p44      0.4      2.9    0
p45      0.8      2.0    1
p46      0.6      3.1    0
p47      0.5      1.1    1
p48      0.9      2.6    1
p49      0.6      3.5    1
p50      0.9      2.1    1
p51      0.5      2.3    1
p52      0.6      2.7    0
p53      0.5      2.6    0
p54      0.9      3.9    0
p55      0.5      2.2    1
p56      0.4      3.1    0
p57      0.7      3.6    0
p58      0.9      3.3    1
p59      0.7      2.3    0
p60      0.6      2.7    0
p61      0.4      2.7    0
p62      0.7      3.5    0
p63      0.7      3.8    0
p64      0.6      2.2    0
p65      0.7      2.8    1
p66      0.4      3.4    0
p67      0.6      3.3    1
p68      0.6      1.2    1
p69      0.4      2.1    1
p70      0.6      3.0    0
p71      0.6      1.1    0
p72      0.8      1.7    1
p73      0.7      3.1    1
p74      0.8      1.7    1
p75      0.8      1.2    1
p76      0.6      3.3    1
p77      0.9      2.9    1
p78      0.4      2.6    1
p79      0.7      1.4    1
p80      0.4      3.7    1
p81      0.8      1.5    0
p82      0.6      2.1    1
p83      0.5      1.6    1
p84      0.5      1.2    0
p85      0.9      2.8    0
p86      0.5      1.6    0
p87      0.9      1.1    0
p88      0.9      1.7    0
p89      0.8      3.0    1
p90      0.7      3.8    1
p91      0.4      2.3    0
p92      0.7      3.9    0
p93      0.5      1.3    1
p94      0.9      2.9    0
p95      0.9      3.8    0
p96      0.5      3.8    0
p97      0.5      3.6    0
p98      0.5      1.6    0
p99      0.4      2.8    0
p100      0.4      2.5    0
p101      0.9      1.7    0
p102      0.4      2.1    1
p103      0.9      1.5    1
p104      0.6      1.7    0
p105      0.9      1.6    0
p106      0.8      1.8    1
p107      0.5      3.6    0
p108      0.4      2.1    0
p109      0.5      3.2    1
p110      0.9      3.6    1
p111      0.5      1.1    1
p112      0.6      2.4    1
p113      0.5      2.0    1
p114      0.8      2.1    0
p115      0.6      3.3    0
p116      0.4      3.6    0
p117      0.4      1.7    1
p118      0.4      1.6    0
p119      0.8      2.9    0
p120      0.9      3.7    1
p121      0.6      2.5    1
p122      0.6      3.2    0
p123      0.4      3.1    1
p124      0.7      1.3    0
p125      0.9      2.2    1
p126      0.8      1.6    0
p127      0.9      2.2    1
p128      0.5      2.1    1
p129      0.8      2.8    1
p130      0.5      1.4    1
p131      0.6      3.1    1
p132      0.6      2.8    0
p133      0.7      3.9    0
p134      0.6      3.1    0
p135      0.4      3.4    1
p136      0.8      2.2    1
p137      0.7      3.9    0
p138      0.8      3.3    1
p139      0.4      1.8    0
p140      0.9      1.5    0
p141      0.8      1.7    0
p142      0.8      2.0    1
p143      0.7      2.0    1
p144      0.8      2.0    1
p145      0.8      1.2    1
p146      0.4      2.0    1
p147      0.9      1.1    1
p148      0.5      3.1    0
p149      0.9      2.9    1
p150      0.4      1.1    1
p151      0.6      1.2    0
p152      0.5      2.1    0
p153      0.7      1.4    0
p154      0.6      2.8    1
p155      0.9      1.1    1
p156      0.4      1.2    0
p157      0.6      3.9    1
p158      0.6      3.8    0
p159      0.8      1.3    0
p160      0.6      1.2    0
p161      0.8      2.1    0
p162      0.9      1.3    1
p163      0.4      3.4    1
p164      0.8      3.8    0
p165      0.7      2.1    1
p166      0.5      2.3    1
p167      0.9      1.1    1
p168      0.9      1.4    1
p169      0.9      3.4    1
p170      0.7      1.7    1
p171      0.5      3.3    0
p172      0.7      3.6    0
p173      0.7      2.1    0
p174      0.9      1.5    0
p175      0.6      2.6    0
p176      0.4      1.8    1
p177      0.4      1.6    0
p178      0.5      1.7    0
p179      0.8      2.5    0
p180      0.4      2.4    1
p181      0.5      1.4    0
p182      0.6      3.4    0
p183      0.6      3.2    1
p184      0.5      2.5    1
p185      0.4      2.8    0
p186      0.4      1.8    1
p187      0.8      1.8    0
p188      0.4      1.9    1
p189      0.7      2.3    0
p190      0.8      1.6    1
p191      0.5      1.5    0
p192      0.6      1.7    1
p193      0.9      3.4    1
p194      0.9      2.9    0
p195      0.6      2.3    1
p196      0.7      3.1    1
p197      0.9      1.2    1
p198      0.7      1.5    0
p199      0.9      3.2    0
