p0      1.0      1.9    0
p1      0.9      1.8    1
p2      2.0      2.0    1
p3      1.9      2.2    1
p4      1.9      1.9    2
p5      1.5      1.2    2
p6      0.6      2.4    1
p7      0.9      2.7    1
p8      1.4      1.7    2
p9      1.2      2.0    2
p10      0.8      2.3    2
p11      1.4      1.4    0
p12      1.2      2.3    1
p13      1.3      1.1    0
p14      0.6      1.2    0
p15      1.1      2.8    2
p16      0.9      1.3    1
p17      0.8      1.2    1
p18      2.0      2.7    0
p19      0.7      2.7    0
p20      1.9      2.7    0
p21      0.6      2.3    0
p22      1.8      1.9    1
p23      1.7      2.3    2
p24      0.8      1.4    1
p25      0.8      1.5    1
p26      1.1      2.0    1
p27      2.0      2.5    0
p28      1.5      1.9    2
p29      2.0      1.4    2
p30      1.1      2.2    1
p31      1.8      2.8    2
p32      1.0      2.0    0
p33      1.0      1.4    0
p34      0.6      1.4    0
p35      1.2      2.1    1
p36      1.6      1.9    2
p37      0.8      2.1    2
p38      0.6      2.1    2
p39      1.4      2.8    2
p40      1.1      2.2    1
p41      1.5      1.4    0
p42      0.6      2.4    1
p43      1.5      2.9    2
p44      1.9      1.5    2
p45      0.9      2.6    2
p46      1.0      1.6    2
p47      1.2      1.9    2
p48      1.7      1.5    1
p49      0.6      2.3    2
p50      1.9      2.4    1
p51      0.8      2.9    0
p52      1.6      2.0    0
p53      1.5      1.1    0
p54      1.4      2.2    2
p55      1.5      2.0    2
p56      0.8      1.5    0
p57      1.1      2.2    1
p58      1.7      2.3    0
p59      0.7      1.2    0
p60      1.3      2.9    0
p61      1.7      1.8    2
p62      1.7      1.4    0
p63      1.8      1.5    1
p64      1.4      2.8    1
p65      1.3      1.4    2
p66      0.9      2.0    1
p67      0.8      1.4    2
p68      1.9      2.9    1
p69      1.7      2.4    1
p70      1.6      2.1    0
p71      1.4      1.7    1
p72      1.3      2.4    2
p73      2.0      2.3    0
p74      0.9      2.8    1
p75      1.3      1.7    2
p76      1.6      1.9    1
p77      1.4      2.6    1
p78      1.8      2.0    2
p79      1.4      2.2    2
p80      1.1      1.9    0
p81      1.2      1.4    0
p82      1.1      1.3    1
p83      1.2      1.3    0
p84      1.7      2.1    1
p85      1.0      1.2    2
p86      1.4      2.3    2
p87      1.5      2.3    1
p88      0.9      2.3    1
p89      2.0      2.8    2
p90      1.4      1.6    0
p91      1.5      1.3    1
p92      1.3      1.1    1
p93      0.6      1.4    1
p94      1.4      1.1    0
p95      2.0      2.2    2
p96      1.0      1.5    2
p97      0.9      2.3    0
p98      1.2      2.0    2
p99      1.9      1.6    2
